 1.36  3.57     1 
 1.78 -0.79    -1 
-0.88  0.96     1 
 1.64 -0.63    -1 
-0.98  1.34     1 
 1.50  0.33    -1 
 0.15  1.48     1 
 1.39 -1.71    -1 
 0.08  2.24     1 
 1.87 -0.35    -1 
 0.25  2.52     1 
 1.68 -0.56    -1 
 0.23  2.75     1 
 2.05 -0.85    -1 
-0.53  1.40     1 
 1.92 -0.60    -1 
 0.12  2.77     1 
 1.70 -0.40    -1 
 0.72  2.01     1 
 0.44 -0.51    -1 
-1.84  1.13     1 
 1.46  1.65    -1 
 0.48  1.94     1 
 1.57 -0.22    -1 
-0.45  2.14     1 
 2.71 -0.19    -1 
-1.04  1.82     1 
 2.56  0.49    -1 
 0.26  2.29     1 
 1.51 -1.11    -1 
 0.27  1.36     1 
 2.99  0.84    -1 
 0.37  2.89     1 
 2.81  0.19    -1 
-0.48  1.23     1 
 2.12 -0.26    -1 
-0.46  0.47     1 
 0.77 -0.65    -1 
 1.52  2.75     1 
 4.01  1.79    -1 
 0.67  2.24     1 
 1.75  0.52    -1 
 0.19  1.80     1 
 2.61  0.44    -1 
-0.54  0.36     1 
 0.67 -0.59    -1 
 0.71  2.94     1 
 1.82 -0.99    -1 
 0.88  3.82     1 
 0.78 -1.33    -1 
 1.17  2.82     1 
 2.17  0.46    -1 
 1.05  2.52     1 
 0.71 -1.14    -1 
-0.25  2.07     1 
 1.77  0.29    -1 
 0.33  3.12     1 
 0.37 -2.22    -1 
 0.35  1.79     1 
 1.10  0.71    -1 
 0.73  2.74     1 
 2.26 -0.93    -1 
-0.20  1.81     1 
 1.07 -1.21    -1 
 1.70  3.04     1 
 2.86  1.26    -1 
-0.75  1.72     1 
 2.38  0.12    -1 
-0.41  0.69     1 
 2.19  0.71    -1 
 1.42  3.66     1 
 1.50  0.46    -1 
 0.50  2.06     1 
 1.84 -0.46    -1 
-1.53  0.12     1 
 0.78 -0.52    -1 
-0.21  0.96     1 
 3.54  2.02    -1 
-0.14  1.16     1 
 2.09  0.39    -1 
-0.79  1.64     1 
 0.75  0.47    -1 
 1.02  3.60     1 
 0.07 -1.45    -1 
-0.79  1.48     1 
 2.75  0.24    -1 
-0.10  1.92     1 
 1.99  0.31    -1 
 0.86  2.10     1 
 2.49 -0.05    -1 
 1.31  3.54     1 
 1.04 -1.65    -1 
-1.45  0.31     1 
 1.75 -1.01    -1 
-1.53  0.47     1 
 2.13 -0.42    -1 
 0.06  2.06     1 
 2.20 -0.40    -1 
 0.94  1.37     1 
 3.52  1.63    -1 
 1.79  3.07     1 
 2.48  0.44    -1 
 2.48  4.50     1 
-1.71 -1.60    -1 
 0.35  2.07     1 
 0.34 -1.02    -1 
-0.12  1.90     1 
 0.56 -1.65    -1 
-0.03  1.50     1 
 1.92 -0.76    -1 
 1.05  3.11     1 
 1.49 -0.46    -1 
 0.73  1.98     1 
 1.26  0.10    -1 
 0.71  1.90     1 
 0.70 -1.50    -1 
-1.55  0.89     1 
 1.41  0.39    -1 
 1.68  3.60     1 
 1.77  0.41    -1 
 0.64  3.94     1 
 1.23 -0.71    -1 
 1.52  2.82     1 
 3.03  1.18    -1 
 0.65  1.75     1 
 1.15 -1.15    -1 
-0.79  1.20     1 
 2.87  1.03    -1 
-0.99  1.49     1 
 1.75 -0.34    -1 
 1.63  2.88     1 
 2.62  0.25    -1 
-1.39  1.22     1 
 2.65  0.90    -1 
 1.07  2.97     1 
 3.68  0.59    -1 
 1.23  3.30     1 
 1.19  0.54    -1 
-0.76  1.51     1 
 0.35 -2.90    -1 
 1.39  2.98     1 
 1.38 -0.28    -1 
-0.51  1.21     1 
 0.80 -0.41    -1 
-1.63  0.16     1 
 2.26  0.10    -1 
 0.27  2.76     1 
 1.84  0.14    -1 
-0.05  1.73     1 
 3.82  1.46    -1 
-1.87  0.02     1 
 2.98  0.97    -1 
-0.48  1.70     1 
 1.84 -0.39    -1 
 0.63  1.90     1 
 1.36 -0.80    -1 
-1.20  0.35     1 
 0.88 -1.37    -1 
-0.84  1.01     1 
 1.93 -0.48    -1 
 0.18  1.84     1 
 1.70  0.33    -1 
-0.12  0.86     1 
 2.16  0.05    -1 
-1.17 -0.08     1 
 0.99 -0.32    -1 
-0.41  2.19     1 
 2.17  0.51    -1 
 1.71  3.66     1 
 3.70  1.87    -1 
 0.28  1.22     1 
 2.77  1.36    -1 
 0.03  1.60     1 
 3.61  1.62    -1 
-0.52  2.73     1 
 2.96  1.07    -1 
-0.43  1.56     1 
 1.61  1.35    -1 
 0.78  1.92     1 
 2.23 -0.44    -1 
 0.50  2.36     1 
 1.83 -0.84    -1 
-0.01  1.30     1 
 3.16  1.37    -1 
-0.96  0.89     1 
 3.61  1.71    -1 
 0.78  2.40     1 
 1.78  0.52    -1 
-0.75  1.52     1 
 2.14  0.60    -1 
-1.65  0.68     1 
 2.16  0.10    -1 
-1.64  1.68     1 
 2.32  0.24    -1 
 0.18  2.59     1 
 1.86 -0.02    -1 
-0.18  2.47     1 
 3.47  1.96    -1 
 0.00  3.00     1 
 2.57 -0.18    -1 
